8901606388030 
8901606388047 
8901606388054 
8901606388061 
8901606388078 
8901606388085 
8901606388092 
8901606388108 
8901606388115 
8901606388122 
8901606388139 
8901606388146 
8901606388153 
8901606388160 
8901606388177 
8901606388184 
8901606388191 
8901606388207 
8901606388214 
8901606388221 
8901606388238 
8901606388245 
8901606388252 
8901606388269 
8901606388276 
8901606388283 
8901606388290 
8901606388306 
8901606388313 
8901606388320 
8901606388337 
8901606388344 
8901606388351 
8901606388368 
8901606388375 
8901606388382 
8901606388399 